0000001 0000001 0000001
0000002 0000005 0000001
0000003 0000004 0000003
0000004 0000025 0000001
0000005 0000002 0000001
0000006 0000002 0000003
0000007 0000143 0000002
0000008 0000125 0000001
0000009 0000002 0000009
0000010 0000010 0000001
0000011 0000010 0000002
0000012 0000010 0000003
0000013 0000077 0000002
0000014 0000715 0000002
0000015 0000002 0000003
0000016 0000625 0000001
0000017 0000006 0000003
0000018 0000002 0000009
0000019 0000579 0000003
0000020 0000005 0000001
0000021 0000010 0000003
0000022 0000005 0000002
0000023 0000087 0000003
0000024 0000005 0000003
0000025 0000004 0000001
0000026 0000385 0000002
0000027 0000002 0000009
0000028 0003575 0000002
0000029 0000069 0000003
0000030 0000004 0000003
0000031 0000010 0000004
0000032 0003125 0000001
0000033 0000004 0000006
0000034 0000003 0000003
0000035 0000286 0000002
0000036 0000002 0000009
0000037 0000003 0000003
0000038 0002895 0000003
0000039 0000259 0000003
0000040 0000025 0000001
0000041 0000010 0000005
0000042 0000005 0000003
0000043 0000007 0000004
0000044 0000025 0000002
0000045 0000002 0000009
0000046 0000435 0000003
0000047 0000213 0000003
0000048 0000025 0000003
0000049 0022449 0000003
0000050 0000002 0000001
0000051 0000002 0000003
0000052 0001925 0000002
0000053 0001887 0000003
0000054 0000002 0000009
0000055 0000002 0000002
0000056 0017875 0000002
0000057 0000193 0000003
0000058 0000345 0000003
0000059 0000339 0000003
0000060 0000002 0000003
0000061 0001641 0000003
0000062 0000005 0000004
0000063 0000002 0000009
0000064 0015625 0000001
0000065 0000154 0000002
0000066 0000002 0000006
0000067 0000003 0000003
0000068 0000015 0000003
0000069 0000029 0000003
0000070 0000143 0000002
0000071 0000141 0000003
0000072 0000002 0000009
0000073 0000137 0000002
0000074 0000015 0000003
0000075 0000004 0000003
0000076 0014475 0000003
0000077 0000013 0000002
0000078 0001295 0000003
0000079 0001519 0000004
0000080 0000125 0000001
0000081 0000002 0000009
0000082 0000005 0000005
0000083 0001217 0000004
0000084 0000025 0000003
0000085 0000012 0000003
0000086 0000035 0000004
0000087 0000023 0000003
0000088 0000125 0000002
0000089 0011236 0000005
0000090 0000002 0000009
0000091 0000011 0000002
0000092 0002175 0000003
0000093 0000011 0000006
0000094 0001065 0000003
0000095 0001158 0000003
0000096 0000125 0000003
0000097 0001033 0000004
0000098 0012245 0000004
0000099 0000002 0000018
